Area of interest.asc
NCOLS 378
NROWS 317
XLLCORNER 23.558324763067574
YLLCORNER 37.63484457743385
CELLSIZE 0.0010416666699999974
NODATA_VALUE -32767.0
[rows 273 to 293 of 317, columns 282 to 328 of 378]
134.63999938964844 133.44000244140625 132.44000244140625 131.49000549316406 130.47000122070312 129.3800048828125 128.1699981689453 127.01000213623047 125.76000213623047 124.5999984741211 123.26000213623047 122.11000061035156 120.77999877929688 119.63999938964844 118.30000305175781 117.16000366210938 116.20999908447266 115.04000091552734 113.9800033569336 113.05999755859375 111.98999786376953 110.95999908447266 109.97000122070312 108.83999633789062 107.95999908447266 107.05000305175781 106.80000305175781 105.80000305175781 104.80000305175781 103.80000305175781 102.19999694824219 100.80000305175781 100.0199966430664 98.4800033569336 97.26000213623047 95.7699966430664 94.52999877929688 93.47000122070312 92.6500015258789 91.26000213623047 89.12000274658203 87.52999877929688 85.16999816894531 83.2300033569336 81.41999816894531 79.61000061035156 78.31999969482422
134.9600067138672 133.91000366210938 132.8000030517578 131.75 130.66000366210938 129.50999450683594 128.4499969482422 127.2699966430664 126.13999938964844 124.87999725341797 123.62999725341797 122.41000366210938 121.30999755859375 119.97000122070312 118.81999969482422 117.87000274658203 116.61000061035156 115.58000183105469 114.55000305175781 113.54000091552734 112.5 111.41999816894531 110.30999755859375 109.41000366210938 108.31999969482422 107.5199966430664 107.4000015258789 106.4000015258789 105.41000366210938 103.83000183105469 102.44000244140625 100.94000244140625 100.04000091552734 98.62999725341797 97.36000061035156 96.05000305175781 95.47000122070312 94.22000122070312 93.30000305175781 91.41000366210938 89.95999908447266 87.8499984741211 86.02999877929688 84.22000122070312 82.54000091552734 81.1500015258789 79.45999908447266
135.67999267578125 134.3300018310547 133.14999389648438 132.02999877929688 130.9600067138672 129.85000610351562 128.72000122070312 127.62999725341797 126.44000244140625 125.05999755859375 124.04000091552734 122.80999755859375 121.61000061035156 120.44999694824219 119.33999633789062 118.2699966430664 117.0999984741211 116.01000213623047 115.0199966430664 113.94000244140625 112.91999816894531 111.87000274658203 110.86000061035156 109.69000244140625 108.66000366210938 107.48999786376953 107.0 106.4000015258789 105.58000183105469 104.0999984741211 102.69999694824219 101.3499984741211 100.18000030517578 99.05000305175781 98.01000213623047 97.13999938964844 95.7300033569336 94.76000213623047 93.44999694824219 91.83999633789062 90.27999877929688 88.5 86.80999755859375 85.16000366210938 83.81999969482422 82.30999755859375 80.61000061035156
136.07000732421875 134.75 133.55999755859375 132.42999267578125 131.32000732421875 130.1300048828125 129.0500030517578 127.87999725341797 126.61000061035156 125.55000305175781 124.36000061035156 123.20999908447266 122.0199966430664 120.8499984741211 119.8499984741211 118.62000274658203 117.55000305175781 116.44999694824219 115.44000244140625 114.37999725341797 113.38999938964844 112.36000061035156 111.18000030517578 110.05999755859375 108.94999694824219 107.95999908447266 107.08000183105469 106.29000091552734 105.30999755859375 104.08999633789062 102.81999969482422 101.87000274658203 100.66000366210938 99.73999786376953 98.51000213623047 97.2300033569336 96.26000213623047 94.9800033569336 93.7300033569336 92.44999694824219 90.88999938964844 89.12999725341797 87.7300033569336 86.37000274658203 85.06999969482422 83.41000366210938 81.62000274658203
136.38999938964844 135.1300048828125 133.97999572753906 132.82000732421875 131.64999389648438 130.4600067138672 129.3800048828125 128.16000366210938 126.97000122070312 125.86000061035156 124.66000366210938 123.5999984741211 122.43000030517578 121.29000091552734 120.13999938964844 119.05999755859375 117.93000030517578 116.87999725341797 115.87999725341797 114.83999633789062 113.86000061035156 112.62999725341797 111.4800033569336 110.36000061035156 109.2699966430664 108.31999969482422 107.37000274658203 106.4000015258789 105.18000030517578 103.94000244140625 103.05000305175781 102.26000213623047 101.43000030517578 100.08000183105469 98.9000015258789 97.83999633789062 96.33999633789062 95.51000213623047 94.30000305175781 92.94000244140625 91.37000274658203 90.08999633789062 88.76000213623047 87.66999816894531 86.12999725341797 84.58000183105469 82.80000305175781
136.6999969482422 135.47999572753906 134.35000610351562 133.17999267578125 132.00999450683594 130.8300018310547 129.57000732421875 128.3699951171875 127.30000305175781 126.13999938964844 125.08000183105469 123.93000030517578 122.76000213623047 121.62999725341797 120.52999877929688 119.44999694824219 118.36000061035156 117.33999633789062 116.29000091552734 115.27999877929688 114.12999725341797 112.91000366210938 111.81999969482422 110.7300033569336 109.69000244140625 108.70999908447266 107.69000244140625 106.30999755859375 105.16000366210938 103.66999816894531 103.0 102.5999984741211 102.05000305175781 100.51000213623047 99.41999816894531 97.8499984741211 97.1500015258789 95.87000274658203 94.80999755859375 93.62000274658203 92.12999725341797 90.95999908447266 89.94999694824219 88.72000122070312 87.54000091552734 85.95999908447266 84.0999984741211
136.8000030517578 135.75 134.72000122070312 133.60000610351562 132.2899932861328 131.02999877929688 129.83999633789062 128.77999877929688 127.55000305175781 126.5 125.4000015258789 124.27999877929688 123.06999969482422 121.97000122070312 120.91000366210938 119.80999755859375 118.80999755859375 117.7300033569336 116.66000366210938 115.56999969482422 114.41000366210938 113.30999755859375 112.18000030517578 111.16000366210938 110.1500015258789 109.08000183105469 107.8499984741211 106.79000091552734 105.52999877929688 103.80000305175781 103.0 103.5999984741211 102.66000366210938 101.11000061035156 99.86000061035156 98.5199966430664 97.43000030517578 96.58999633789062 95.44000244140625 94.23999786376953 93.0 91.8499984741211 90.80000305175781 89.91000366210938 89.3499984741211 87.4800033569336 85.41999816894531
136.39999389648438 135.8000030517578 135.3300018310547 133.92999267578125 132.58999633789062 131.38999938964844 130.1699981689453 129.0500030517578 127.91999816894531 126.80000305175781 125.69999694824219 124.55000305175781 123.4000015258789 122.33000183105469 121.29000091552734 120.26000213623047 119.16999816894531 118.08000183105469 117.01000213623047 115.87999725341797 114.77999877929688 113.68000030517578 112.63999938964844 111.54000091552734 110.55000305175781 109.48999786376953 108.30999755859375 107.29000091552734 105.98999786376953 104.7300033569336 103.58999633789062 103.30999755859375 102.56999969482422 101.62000274658203 99.97000122070312 99.18000030517578 98.05000305175781 97.23999786376953 96.06999969482422 94.79000091552734 93.45999908447266 92.58000183105469 91.55999755859375 90.70999908447266 90.4000015258789 88.0 87.01000213623047
137.39999389648438 136.1999969482422 135.7100067138672 134.3699951171875 132.97000122070312 131.75 130.52999877929688 129.30999755859375 128.22000122070312 127.08000183105469 126.0 124.87000274658203 123.73999786376953 122.69000244140625 121.69000244140625 120.61000061035156 119.51000213623047 118.44999694824219 117.37000274658203 116.26000213623047 115.16000366210938 114.05000305175781 113.0199966430664 112.05999755859375 111.02999877929688 109.87999725341797 108.81999969482422 107.7300033569336 106.54000091552734 105.43000030517578 104.29000091552734 103.58999633789062 102.83000183105469 101.87000274658203 100.52999877929688 99.69999694824219 98.7300033569336 97.70999908447266 96.4000015258789 95.30000305175781 94.13999938964844 93.12000274658203 92.30000305175781 91.87000274658203 92.0 89.19999694824219 88.11000061035156
138.39999389648438 136.8000030517578 136.2899932861328 134.8000030517578 133.41000366210938 132.02000427246094 130.82000732421875 129.6199951171875 128.44000244140625 127.37000274658203 126.27999877929688 125.12000274658203 124.05000305175781 123.06999969482422 122.04000091552734 120.95999908447266 119.9000015258789 118.8499984741211 117.73999786376953 116.58999633789062 115.52999877929688 114.58000183105469 113.5 112.45999908447266 111.3499984741211 110.18000030517578 109.12000274658203 108.0 106.9000015258789 105.80000305175781 104.73999786376953 104.05999755859375 103.26000213623047 102.22000122070312 101.20999908447266 100.20999908447266 99.31999969482422 97.9800033569336 97.08000183105469 95.80000305175781 94.52999877929688 93.68000030517578 92.56999969482422 91.9000015258789 91.33000183105469 89.47000122070312 87.80999755859375
139.0 137.39999389648438 136.82000732421875 135.1699981689453 133.66000366210938 132.3300018310547 131.0800018310547 129.85000610351562 128.6999969482422 127.61000061035156 126.5 125.41000366210938 124.3499984741211 123.37000274658203 122.37999725341797 121.36000061035156 120.3499984741211 119.23999786376953 118.13999938964844 117.04000091552734 116.04000091552734 114.94000244140625 113.76000213623047 112.61000061035156 111.47000122070312 110.31999969482422 109.31999969482422 108.26000213623047 107.18000030517578 106.11000061035156 105.18000030517578 104.41999816894531 104.0199966430664 102.70999908447266 101.87000274658203 100.68000030517578 99.83000183105469 98.5999984741211 97.58000183105469 96.1500015258789 95.06999969482422 93.86000061035156 92.66999816894531 92.2300033569336 90.97000122070312 89.61000061035156 88.30999755859375
139.39999389648438 138.0 137.24000549316406 135.39999389648438 133.89999389648438 132.52000427246094 131.2899932861328 130.02000427246094 128.88999938964844 127.80000305175781 126.7300033569336 125.58000183105469 124.66000366210938 123.69999694824219 122.80999755859375 121.83999633789062 120.80000305175781 119.68000030517578 118.4800033569336 117.4000015258789 116.33000183105469 114.95999908447266 113.83999633789062 112.66999816894531 111.55999755859375 110.56999969482422 109.51000213623047 108.43000030517578 107.36000061035156 106.41000366210938 105.52999877929688 104.62999725341797 104.4000015258789 103.0 102.48999786376953 100.9000015258789 100.19999694824219 98.5999984741211 98.12000274658203 96.87000274658203 95.62999725341797 94.1500015258789 93.4800033569336 92.20999908447266 91.02999877929688 90.16000366210938 89.01000213623047
139.39999389648438 138.0 137.24000549316406 135.3300018310547 133.97000122070312 132.63999938964844 131.42999267578125 130.1999969482422 129.0399932861328 127.95999908447266 126.87999725341797 125.87999725341797 124.87000274658203 123.95999908447266 123.31999969482422 122.37999725341797 121.29000091552734 120.05000305175781 118.83000183105469 117.69000244140625 116.25 115.12999725341797 113.9000015258789 112.70999908447266 111.7699966430664 110.66999816894531 109.61000061035156 108.58999633789062 107.5999984741211 106.63999938964844 105.63999938964844 104.76000213623047 104.4000015258789 103.5999984741211 102.97000122070312 101.76000213623047 101.19999694824219 100.4000015258789 99.51000213623047 97.63999938964844 96.16000366210938 94.9800033569336 93.76000213623047 92.23999786376953 91.6500015258789 90.30000305175781 88.83000183105469
139.60000610351562 137.39999389648438 136.72999572753906 134.7100067138672 134.0 132.60000610351562 131.83999633789062 130.19000244140625 128.99000549316406 128.1199951171875 127.11000061035156 126.08999633789062 124.98999786376953 124.01000213623047 123.5999984741211 122.5999984741211 121.94999694824219 120.44000244140625 119.0999984741211 117.69000244140625 116.4000015258789 115.0999984741211 113.91000366210938 112.94999694824219 111.79000091552734 110.69000244140625 109.70999908447266 108.69000244140625 107.75 106.8499984741211 105.9000015258789 105.01000213623047 104.33999633789062 103.37000274658203 102.80000305175781 102.19999694824219 101.19999694824219 100.4000015258789 99.76000213623047 98.1500015258789 96.81999969482422 95.2300033569336 93.8499984741211 92.80999755859375 91.94999694824219 90.87999725341797 88.83000183105469
139.1999969482422 137.1999969482422 136.4199981689453 134.32000732421875 133.39999389648438 132.39999389648438 131.39999389648438 129.83999633789062 128.64999389648438 128.1999969482422 127.19999694824219 126.19999694824219 125.0 124.2300033569336 123.80000305175781 123.0 122.25 120.5999984741211 119.18000030517578 117.58000183105469 116.41999816894531 115.18000030517578 114.08000183105469 112.88999938964844 111.86000061035156 110.80000305175781 109.79000091552734 108.83000183105469 107.94999694824219 106.88999938964844 106.05999755859375 105.18000030517578 104.36000061035156 103.55999755859375 103.4000015258789 102.19999694824219 101.4000015258789 100.4000015258789 99.7699966430664 98.54000091552734 97.08000183105469 95.73999786376953 94.05000305175781 93.5 92.3499984741211 90.80999755859375 89.0999984741211
138.60000610351562 137.39999389648438 136.1999969482422 134.39999389648438 133.0 131.8000030517578 130.8000030517578 129.60000610351562 128.60000610351562 127.5999984741211 126.5999984741211 125.5999984741211 124.5999984741211 124.0 123.19999694824219 122.19999694824219 121.8499984741211 120.48999786376953 118.93000030517578 117.73999786376953 116.47000122070312 115.20999908447266 114.11000061035156 113.04000091552734 111.8499984741211 110.8499984741211 109.91000366210938 108.91999816894531 108.01000213623047 107.08000183105469 106.12999725341797 105.2300033569336 104.37000274658203 103.5 103.19999694824219 102.4000015258789 101.4000015258789 100.80000305175781 99.5999984741211 98.5999984741211 97.87999725341797 95.79000091552734 95.0 93.80999755859375 92.23999786376953 91.19000244140625 89.70999908447266
138.1999969482422 136.60000610351562 135.0 133.60000610351562 132.39999389648438 131.39999389648438 130.1999969482422 129.1999969482422 128.0 127.0 126.0 125.0 124.0 123.4000015258789 122.80000305175781 122.0 121.62999725341797 120.30999755859375 118.94999694824219 117.7300033569336 116.44999694824219 115.29000091552734 114.16000366210938 113.01000213623047 111.91000366210938 110.9000015258789 109.87000274658203 108.98999786376953 108.05999755859375 107.12000274658203 106.19000244140625 105.33000183105469 104.43000030517578 103.51000213623047 103.19999694824219 102.5999984741211 101.4000015258789 100.4000015258789 99.5999984741211 99.0 98.1500015258789 96.4800033569336 95.20999908447266 93.68000030517578 92.98999786376953 91.4800033569336 89.98999786376953
137.39999389648438 135.8000030517578 134.39999389648438 133.1999969482422 132.0 130.8000030517578 129.60000610351562 128.39999389648438 127.4000015258789 126.4000015258789 125.4000015258789 124.4000015258789 123.4000015258789 122.19999694824219 122.5999984741211 122.19999694824219 121.66999816894531 120.18000030517578 118.94999694824219 117.63999938964844 116.43000030517578 115.31999969482422 114.16000366210938 112.9800033569336 111.87999725341797 110.81999969482422 109.87000274658203 109.0199966430664 108.08999633789062 107.16999816894531 106.30999755859375 105.43000030517578 104.5 103.52999877929688 103.19999694824219 102.80000305175781 101.4000015258789 100.5999984741211 99.5999984741211 98.5999984741211 98.0 96.63999938964844 95.22000122070312 94.16000366210938 93.08999633789062 91.6500015258789 90.4800033569336
136.8000030517578 135.0 133.60000610351562 132.39999389648438 131.0 130.0 128.8000030517578 127.80000305175781 126.4000015258789 125.5999984741211 125.0 124.19999694824219 123.0 122.4000015258789 122.4000015258789 122.0 121.47000122070312 120.08999633789062 118.75 117.58000183105469 116.38999938964844 115.27999877929688 114.12999725341797 112.9800033569336 111.8499984741211 110.66999816894531 109.73999786376953 109.06999969482422 108.16999816894531 107.22000122070312 106.48999786376953 105.55000305175781 104.68000030517578 103.56999969482422 103.0 102.19999694824219 101.5999984741211 100.5999984741211 99.4000015258789 98.19999694824219 97.81999969482422 96.61000061035156 95.26000213623047 94.4000015258789 93.05999755859375 91.98999786376953 91.0999984741211
136.9600067138672 134.77000427246094 134.0 132.0 130.8000030517578 129.39999389648438 128.1999969482422 127.19999694824219 126.19999694824219 125.80000305175781 125.41000366210938 124.51000213623047 123.30999755859375 122.4800033569336 122.4000015258789 121.5999984741211 121.16000366210938 119.79000091552734 118.55000305175781 117.37000274658203 116.31999969482422 115.26000213623047 114.16999816894531 113.0199966430664 111.76000213623047 110.31999969482422 109.5999984741211 109.19999694824219 108.19999694824219 107.19999694824219 106.5999984741211 105.5999984741211 104.80000305175781 103.80000305175781 102.80000305175781 102.0 101.5999984741211 100.80000305175781 99.4000015258789 98.19999694824219 97.79000091552734 96.5 95.33999633789062 94.25 93.27999877929688 92.19999694824219 91.37999725341797
137.07000732421875 134.02999877929688 133.1999969482422 131.1999969482422 131.0 130.1999969482422 129.1999969482422 128.1999969482422 127.19999694824219 126.5999984741211 126.19999694824219 124.91999816894531 123.48999786376953 122.5 122.19999694824219 121.19999694824219 120.75 119.5 118.30999755859375 117.1500015258789 116.23999786376953 115.30999755859375 114.31999969482422 113.12999725341797 111.93000030517578 110.6500015258789 110.0 109.19999694824219 108.4000015258789 107.4000015258789 106.80000305175781 105.80000305175781 104.5999984741211 103.5999984741211 103.0 102.4000015258789 101.5999984741211 100.5999984741211 99.4000015258789 98.0 97.62000274658203 96.38999938964844 95.33999633789062 94.1500015258789 93.26000213623047 92.4000015258789 91.86000061035156
