Area of interest.asc
NCOLS 378
NROWS 317
XLLCORNER 23.558324763067574
YLLCORNER 37.63484457743385
CELLSIZE 0.0010416666699999974
NODATA_VALUE -32767.0
[rows 21 to 41 of 317, columns 141 to 187 of 378]
-30.1200008392334 -36.630001068115234 -42.18000030517578 -38.75 -35.0 -41.25 -48.060001373291016 -54.75 -59.5 -64.75 -70.75 -76.25 -75.93000030517578 -74.25 -72.0 -72.0 -74.55999755859375 -72.75 -72.25 -76.25 -77.43000030517578 -74.75 -72.80999755859375 -75.25 -83.12000274658203 -85.25 -83.80999755859375 -85.75 -90.30999755859375 -97.75 -99.93000030517578 -102.75 -103.25 -102.12000274658203 -102.87000274658203 -107.25 -109.43000030517578 -109.87000274658203 -114.43000030517578 -121.75 -129.5 -134.3699951171875 -134.55999755859375 -142.0 -148.92999267578125 -143.6199951171875 -144.5
-29.75 -35.0 -36.5 -38.0 -38.0 -45.5 -50.0 -58.0 -59.75 -60.5 -68.75 -73.0 -72.25 -70.0 -70.0 -75.0 -71.5 -66.5 -66.0 -66.0 -68.25 -76.0 -80.0 -82.0 -83.0 -82.5 -84.25 -90.0 -93.25 -96.0 -97.25 -100.0 -96.5 -100.0 -105.0 -104.0 -107.5 -111.5 -120.75 -134.0 -135.75 -137.5 -134.75 -139.0 -141.0 -140.5 -140.0
-27.1200008392334 -25.8700008392334 -30.6200008392334 -32.25 -38.18000030517578 -45.11000061035156 -51.5 -53.5 -55.880001068115234 -58.86000061035156 -63.560001373291016 -70.0 -71.37000274658203 -66.5 -67.05999755859375 -64.0 -65.62000274658203 -63.11000061035156 -63.060001373291016 -65.75 -69.93000030517578 -71.12000274658203 -74.0 -73.75 -77.12000274658203 -80.62000274658203 -84.87000274658203 -88.5 -91.55999755859375 -95.37000274658203 -98.62000274658203 -97.25 -97.37000274658203 -101.37000274658203 -106.5 -105.75 -112.37000274658203 -118.5 -124.80999755859375 -128.0 -128.25 -128.6199951171875 -128.42999267578125 -133.25 -137.0 -143.5 -145.67999267578125
-23.1200008392334 -24.0 -29.75 -34.5 -37.880001068115234 -43.0 -50.0 -50.5 -51.380001068115234 -54.5 -57.61000061035156 -66.5 -72.37000274658203 -66.5 -61.75 -57.0 -60.130001068115234 -63.75 -64.0 -67.0 -74.12000274658203 -75.25 -72.25 -71.5 -76.87000274658203 -82.5 -86.62000274658203 -86.0 -92.0 -95.25 -94.0 -93.5 -99.25 -104.5 -106.0 -110.0 -114.5 -120.0 -118.37000274658203 -122.5 -128.25 -127.5 -129.0 -131.0 -138.3699951171875 -146.5 -146.75
-23.6200008392334 -26.6200008392334 -29.440000534057617 -36.0 -42.810001373291016 -45.0 -47.0 -43.0 -45.560001373291016 -53.5 -57.5 -65.25 -62.11000061035156 -57.5 -59.25 -56.0 -59.130001068115234 -64.0 -68.68000030517578 -74.25 -77.0 -75.62000274658203 -73.30999755859375 -75.25 -80.18000030517578 -81.37000274658203 -82.18000030517578 -82.75 -89.05999755859375 -91.0 -89.55999755859375 -93.5 -99.25 -105.0 -103.80999755859375 -109.0 -111.55999755859375 -113.25 -116.80999755859375 -124.5 -125.43000030517578 -126.0 -128.25 -128.0 -133.3699951171875 -139.0 -145.0
-20.5 -26.0 -28.5 -34.0 -40.75 -40.5 -41.75 -41.0 -47.25 -52.0 -59.75 -63.0 -56.0 -52.5 -52.75 -54.0 -63.25 -70.0 -73.0 -76.0 -72.25 -72.0 -72.5 -78.0 -80.5 -81.0 -81.5 -86.0 -89.75 -90.5 -89.0 -93.0 -100.0 -104.5 -102.25 -103.0 -109.5 -116.0 -122.5 -127.0 -118.25 -121.0 -122.25 -126.0 -133.25 -133.5 -137.5
-24.190000534057617 -27.5 -30.440000534057617 -35.0 -34.68000030517578 -36.5 -35.11000061035156 -41.0 -47.380001068115234 -52.130001068115234 -55.75 -55.0 -50.5 -51.25 -50.880001068115234 -57.0 -63.06999969482422 -70.12000274658203 -71.0 -72.75 -71.5 -68.62000274658203 -68.75 -74.0 -75.80999755859375 -77.87000274658203 -83.12000274658203 -89.25 -91.43000030517578 -88.62000274658203 -88.62000274658203 -92.0 -97.05999755859375 -98.0 -100.05999755859375 -102.0 -106.93000030517578 -114.12000274658203 -117.93000030517578 -116.25 -116.62000274658203 -118.87000274658203 -120.93000030517578 -125.25 -129.92999267578125 -131.75 -138.42999267578125
-21.5 -25.0 -25.8700008392334 -32.5 -33.5 -30.75 -32.880001068115234 -41.0 -45.5 -51.75 -53.86000061035156 -48.0 -48.11000061035156 -51.5 -56.380001068115234 -61.5 -67.12000274658203 -70.25 -71.12000274658203 -71.0 -68.12000274658203 -66.0 -69.12000274658203 -70.5 -74.25 -77.25 -81.75 -85.5 -86.62000274658203 -85.75 -84.12000274658203 -88.5 -92.87000274658203 -96.25 -103.37000274658203 -109.0 -109.0 -107.25 -110.37000274658203 -113.5 -113.5 -115.75 -119.87000274658203 -121.0 -123.75 -128.25 -139.5
-19.75 -25.5 -29.75 -33.0 -34.75 -36.25 -36.630001068115234 -41.0 -46.25 -52.130001068115234 -50.310001373291016 -47.75 -48.560001373291016 -54.380001068115234 -59.25 -62.25 -65.93000030517578 -64.75 -64.68000030517578 -64.0 -63.61000061035156 -65.25 -68.18000030517578 -69.25 -72.12000274658203 -78.12000274658203 -79.43000030517578 -80.25 -80.68000030517578 -79.5 -80.75 -88.0 -91.5 -97.5 -103.68000030517578 -104.75 -103.37000274658203 -102.62000274658203 -107.12000274658203 -113.0 -113.75 -114.5 -118.62000274658203 -119.75 -120.75 -129.6199951171875 -139.25
-22.25 -28.0 -32.25 -37.0 -34.0 -32.0 -37.5 -41.0 -48.5 -51.5 -45.5 -49.0 -53.25 -53.0 -55.0 -58.0 -61.5 -62.5 -59.75 -56.0 -59.0 -63.0 -65.5 -69.0 -71.5 -73.5 -71.0 -73.0 -76.0 -79.5 -83.75 -88.0 -88.75 -93.0 -96.5 -96.0 -94.0 -99.0 -107.0 -111.0 -110.25 -114.5 -118.0 -127.0 -132.0 -133.5 -134.25
-21.3700008392334 -25.5 -26.049999237060547 -29.75 -30.25 -31.75 -36.810001373291016 -42.0 -46.5 -48.25 -46.060001373291016 -40.5 -43.560001373291016 -49.380001068115234 -51.43000030517578 -57.25 -58.93000030517578 -61.0 -57.810001373291016 -56.5 -64.93000030517578 -66.37000274658203 -66.5 -66.75 -69.55999755859375 -71.75 -72.05999755859375 -74.0 -76.12000274658203 -79.87000274658203 -83.62000274658203 -87.0 -90.05999755859375 -92.0 -94.12000274658203 -95.75 -101.5 -105.87000274658203 -106.5 -109.5 -107.87000274658203 -113.25 -117.12000274658203 -124.5 -126.25 -131.5 -135.42999267578125
-23.0 -24.25 -26.25 -29.5 -33.880001068115234 -34.5 -37.75 -42.5 -45.380001068115234 -42.25 -40.61000061035156 -39.5 -42.5 -54.0 -52.75 -48.5 -58.11000061035156 -53.0 -54.25 -58.0 -63.61000061035156 -64.5 -64.25 -63.0 -67.25 -70.5 -73.0 -77.0 -79.62000274658203 -84.25 -90.37000274658203 -96.0 -96.75 -96.25 -102.87000274658203 -110.0 -111.5 -107.0 -101.75 -102.5 -106.87000274658203 -117.0 -118.87000274658203 -122.5 -125.0 -130.25 -137.0
-21.6200008392334 -24.8700008392334 -29.25 -32.25 -34.11000061035156 -33.880001068115234 -39.810001373291016 -41.5 -41.060001373291016 -35.5 -35.18000030517578 -43.0 -45.75 -54.5 -56.11000061035156 -54.75 -56.560001373291016 -53.25 -52.75 -57.25 -58.93000030517578 -60.75 -59.36000061035156 -60.75 -67.55999755859375 -73.75 -78.05999755859375 -82.25 -76.18000030517578 -80.75 -85.5 -90.0 -92.18000030517578 -103.12000274658203 -116.87000274658203 -115.25 -110.43000030517578 -103.62000274658203 -102.43000030517578 -105.25 -110.75 -115.87000274658203 -115.55999755859375 -117.5 -121.5 -126.0 -134.25
-20.75 -24.0 -27.25 -28.0 -33.25 -36.5 -42.0 -41.0 -40.25 -37.5 -40.0 -43.0 -47.5 -51.5 -54.0 -57.0 -48.5 -51.5 -56.0 -56.0 -56.25 -60.0 -60.0 -65.0 -72.25 -84.0 -92.75 -90.0 -84.0 -81.0 -83.25 -85.0 -92.75 -108.0 -111.25 -105.0 -102.75 -99.5 -103.75 -107.0 -107.75 -108.5 -114.5 -116.0 -121.25 -123.5 -130.25
-23.940000534057617 -21.75 -25.549999237060547 -29.25 -30.049999237060547 -37.25 -42.36000061035156 -40.0 -37.43000030517578 -36.880001068115234 -41.0 -45.5 -45.810001373291016 -45.61000061035156 -45.43000030517578 -46.0 -44.68000030517578 -49.130001068115234 -52.060001373291016 -53.25 -56.18000030517578 -61.880001068115234 -63.810001373291016 -68.75 -72.55999755859375 -83.62000274658203 -95.80999755859375 -99.0 -97.30999755859375 -91.37000274658203 -90.87000274658203 -96.25 -100.80999755859375 -103.75 -101.62000274658203 -99.25 -97.18000030517578 -95.62000274658203 -101.0 -102.25 -108.5 -111.87000274658203 -113.37000274658203 -112.0 -117.55999755859375 -126.0 -132.92999267578125
-23.5 -22.75 -26.5 -31.5 -32.380001068115234 -34.25 -30.8700008392334 -30.5 -35.630001068115234 -38.5 -41.380001068115234 -41.0 -41.36000061035156 -42.0 -42.61000061035156 -45.5 -45.86000061035156 -47.5 -51.380001068115234 -54.5 -59.130001068115234 -65.75 -69.0 -76.0 -79.87000274658203 -87.75 -97.12000274658203 -103.5 -100.25 -99.75 -102.25 -105.5 -100.62000274658203 -93.0 -92.5 -92.5 -91.5 -92.75 -95.87000274658203 -101.0 -108.0 -110.0 -112.0 -116.5 -118.0 -127.75 -136.3699951171875
-26.799999237060547 -21.5 -23.1200008392334 -25.5 -30.0 -29.3700008392334 -26.5 -30.0 -36.810001373291016 -39.380001068115234 -37.810001373291016 -29.0 -33.18000030517578 -38.0 -42.25 -45.0 -47.810001373291016 -52.630001068115234 -54.43000030517578 -57.25 -62.25 -63.61000061035156 -69.87000274658203 -81.75 -87.55999755859375 -96.37000274658203 -96.93000030517578 -98.25 -105.05999755859375 -111.87000274658203 -106.87000274658203 -99.75 -91.25 -87.12000274658203 -87.12000274658203 -86.5 -89.93000030517578 -92.87000274658203 -96.55999755859375 -102.0 -107.5 -109.62000274658203 -113.62000274658203 -115.75 -119.93000030517578 -127.25 -132.1199951171875
-28.25 -21.5 -20.0 -21.0 -24.0 -30.0 -27.75 -32.0 -33.0 -33.5 -31.75 -30.0 -33.25 -39.0 -44.0 -50.0 -54.0 -59.0 -57.25 -58.0 -68.5 -73.5 -77.75 -84.0 -87.25 -91.0 -91.0 -92.0 -97.75 -102.0 -101.75 -97.0 -89.25 -85.0 -84.5 -89.0 -90.0 -93.0 -94.5 -102.0 -102.5 -105.5 -110.75 -115.0 -120.75 -127.0 -135.5
-27.5 -20.0 -18.5 -20.25 -24.81999969482422 -27.5 -28.1200008392334 -32.25 -32.630001068115234 -36.130001068115234 -36.810001373291016 -38.75 -44.310001373291016 -47.0 -47.43000030517578 -51.0 -54.0 -51.25 -55.43000030517578 -59.0 -70.43000030517578 -74.5 -78.75 -86.5 -88.5 -87.37000274658203 -96.93000030517578 -98.0 -103.68000030517578 -103.25 -99.43000030517578 -92.75 -84.75 -83.25 -87.55999755859375 -87.0 -87.0 -89.75 -92.30999755859375 -94.5 -99.62000274658203 -105.5 -109.68000030517578 -112.25 -123.68000030517578 -132.25 -140.80999755859375
-19.25 -16.25 -18.1200008392334 -24.0 -27.3700008392334 -26.5 -29.0 -31.5 -35.75 -36.25 -38.25 -40.5 -44.25 -45.75 -46.5 -47.0 -50.61000061035156 -51.75 -56.25 -64.0 -73.87000274658203 -75.0 -77.62000274658203 -85.0 -88.25 -89.5 -95.25 -96.5 -102.25 -99.0 -95.0 -88.0 -80.87000274658203 -78.75 -81.12000274658203 -83.0 -86.87000274658203 -89.5 -92.5 -96.5 -98.75 -105.5 -111.5 -119.5 -126.75 -133.5 -141.3699951171875
-15.880000114440918 -19.6200008392334 -26.56999969482422 -26.25 -28.049999237060547 -27.3700008392334 -29.8700008392334 -35.25 -33.810001373291016 -34.880001068115234 -37.810001373291016 -42.25 -40.810001373291016 -39.61000061035156 -42.560001373291016 -50.5 -53.43000030517578 -57.130001068115234 -61.75 -69.0 -74.68000030517578 -69.87000274658203 -72.93000030517578 -77.5 -79.55999755859375 -81.12000274658203 -88.87000274658203 -91.25 -91.43000030517578 -92.87000274658203 -89.43000030517578 -81.0 -77.93000030517578 -76.87000274658203 -77.87000274658203 -83.5 -86.18000030517578 -86.25 -86.68000030517578 -85.0 -98.80999755859375 -107.0 -110.30999755859375 -118.5 -124.37000274658203 -132.8699951171875 -140.80999755859375
