Area of interest.asc
NCOLS 378
NROWS 317
XLLCORNER 23.558324763067574
YLLCORNER 37.63484457743385
CELLSIZE 0.0010416666699999974
NODATA_VALUE -32767.0
[rows 294 to 314 of 317, columns 141 to 187 of 378]
232.22999572753906 232.25 232.10000610351562 232.07000732421875 232.05999755859375 232.14999389648438 231.9600067138672 232.1699981689453 232.08999633789062 232.25999450683594 232.30999755859375 232.36000061035156 232.47000122070312 232.52999877929688 232.63999938964844 232.77000427246094 232.67999267578125 232.8699951171875 232.9199981689453 233.1199951171875 233.32000732421875 233.4199981689453 233.57000732421875 233.69000244140625 233.75 233.80999755859375 233.91000366210938 234.1999969482422 234.25999450683594 234.57000732421875 234.8300018310547 235.13999938964844 235.3800048828125 235.58999633789062 235.8000030517578 235.9600067138672 236.0800018310547 236.14999389648438 236.22000122070312 236.2100067138672 236.1999969482422 236.16000366210938 236.1300048828125 236.07000732421875 235.97000122070312 235.8699951171875 235.75
231.77000427246094 231.72000122070312 231.75999450683594 231.77000427246094 231.61000061035156 231.5399932861328 231.72000122070312 231.61000061035156 231.72999572753906 231.8000030517578 231.83999633789062 231.9600067138672 231.97000122070312 232.0800018310547 232.22000122070312 232.1699981689453 232.2899932861328 232.4499969482422 232.49000549316406 232.75 232.8800048828125 233.0500030517578 233.1999969482422 233.3300018310547 233.35000610351562 233.50999450683594 233.75999450683594 233.9600067138672 234.10000610351562 234.3800048828125 234.69000244140625 234.97000122070312 235.22999572753906 235.49000549316406 235.6699981689453 235.8300018310547 235.9499969482422 236.0399932861328 236.08999633789062 236.10000610351562 236.07000732421875 236.02999877929688 235.99000549316406 235.9199981689453 235.82000732421875 235.72000122070312 235.5800018310547
231.38999938964844 231.33999633789062 231.38999938964844 231.27000427246094 231.25 231.19000244140625 231.25 231.33999633789062 231.3000030517578 231.3800048828125 231.33999633789062 231.49000549316406 231.4499969482422 231.58999633789062 231.67999267578125 231.7100067138672 231.8800048828125 231.94000244140625 232.08999633789062 232.3300018310547 232.50999450683594 232.64999389648438 232.8300018310547 232.92999267578125 233.02999877929688 233.24000549316406 233.55999755859375 233.7100067138672 233.88999938964844 234.25999450683594 234.55999755859375 234.85000610351562 235.1199951171875 235.35000610351562 235.5500030517578 235.7100067138672 235.82000732421875 235.91000366210938 235.9600067138672 235.9600067138672 235.94000244140625 235.88999938964844 235.85000610351562 235.77000427246094 235.67999267578125 235.55999755859375 235.44000244140625
231.0 231.0500030517578 230.9600067138672 230.80999755859375 230.85000610351562 230.86000061035156 230.8800048828125 230.8300018310547 230.88999938964844 230.88999938964844 230.9600067138672 230.9600067138672 231.05999755859375 231.1300048828125 231.1699981689453 231.3699951171875 231.3300018310547 231.52000427246094 231.69000244140625 231.89999389648438 232.05999755859375 232.27999877929688 232.44000244140625 232.52000427246094 232.75999450683594 233.08999633789062 233.2899932861328 233.50999450683594 233.7100067138672 234.08999633789062 234.42999267578125 234.69000244140625 234.97000122070312 235.24000549316406 235.44000244140625 235.58999633789062 235.7100067138672 235.8000030517578 235.8300018310547 235.8300018310547 235.77999877929688 235.75 235.7100067138672 235.6199951171875 235.52999877929688 235.39999389648438 235.27999877929688
230.6999969482422 230.61000061035156 230.5500030517578 230.61000061035156 230.5500030517578 230.5800018310547 230.4600067138672 230.4499969482422 230.4600067138672 230.47999572753906 230.5399932861328 230.55999755859375 230.63999938964844 230.61000061035156 230.75999450683594 230.85000610351562 230.88999938964844 231.05999755859375 231.27999877929688 231.4499969482422 231.67999267578125 231.89999389648438 232.02999877929688 232.19000244140625 232.5 232.8300018310547 233.02000427246094 233.24000549316406 233.55999755859375 233.97999572753906 234.2899932861328 234.55999755859375 234.85000610351562 235.11000061035156 235.3000030517578 235.4600067138672 235.5800018310547 235.66000366210938 235.6999969482422 235.6699981689453 235.66000366210938 235.61000061035156 235.57000732421875 235.47999572753906 235.3699951171875 235.24000549316406 235.13999938964844
230.25999450683594 230.2899932861328 230.30999755859375 230.24000549316406 230.1199951171875 230.10000610351562 230.0500030517578 230.11000061035156 230.0800018310547 230.10000610351562 230.0500030517578 230.11000061035156 230.13999938964844 230.19000244140625 230.30999755859375 230.33999633789062 230.47999572753906 230.61000061035156 230.8300018310547 231.02999877929688 231.25 231.42999267578125 231.57000732421875 231.83999633789062 232.25999450683594 232.52000427246094 232.8000030517578 233.0399932861328 233.44000244140625 233.8000030517578 234.08999633789062 234.41000366210938 234.7100067138672 234.97000122070312 235.1699981689453 235.3300018310547 235.4499969482422 235.52999877929688 235.55999755859375 235.5399932861328 235.52000427246094 235.47999572753906 235.4199981689453 235.3300018310547 235.22000122070312 235.10000610351562 234.9600067138672
229.9499969482422 229.9600067138672 229.85000610351562 229.75999450683594 229.75999450683594 229.72999572753906 229.72000122070312 229.64999389648438 229.66000366210938 229.63999938964844 229.6999969482422 229.66000366210938 229.74000549316406 229.75999450683594 229.80999755859375 229.88999938964844 230.0399932861328 230.13999938964844 230.36000061035156 230.52000427246094 230.72000122070312 230.9199981689453 231.19000244140625 231.5800018310547 231.97000122070312 232.24000549316406 232.47000122070312 232.82000732421875 233.27999877929688 233.63999938964844 233.97999572753906 234.27999877929688 234.57000732421875 234.82000732421875 235.02999877929688 235.19000244140625 235.30999755859375 235.38999938964844 235.41000366210938 235.41000366210938 235.3800048828125 235.33999633789062 235.27000427246094 235.1699981689453 235.07000732421875 234.94000244140625 234.8000030517578
229.52999877929688 229.44000244140625 229.39999389648438 229.3699951171875 229.41000366210938 229.32000732421875 229.27999877929688 229.25999450683594 229.27999877929688 229.17999267578125 229.25999450683594 229.24000549316406 229.25999450683594 229.3000030517578 229.35000610351562 229.4199981689453 229.5 229.6300048828125 229.75999450683594 229.9600067138672 230.17999267578125 230.47999572753906 230.8300018310547 231.27000427246094 231.58999633789062 231.89999389648438 232.24000549316406 232.75 233.13999938964844 233.44000244140625 233.77000427246094 234.08999633789062 234.41000366210938 234.6699981689453 234.88999938964844 235.05999755859375 235.17999267578125 235.27999877929688 235.30999755859375 235.3000030517578 235.25999450683594 235.2100067138672 235.13999938964844 235.0399932861328 234.91000366210938 234.77999877929688 234.63999938964844
229.02999877929688 229.00999450683594 228.97000122070312 228.9600067138672 228.91000366210938 228.85000610351562 228.82000732421875 228.8300018310547 228.74000549316406 228.7899932861328 228.75999450683594 228.77999877929688 228.77999877929688 228.80999755859375 228.82000732421875 228.8699951171875 228.97999572753906 229.05999755859375 229.17999267578125 229.33999633789062 229.61000061035156 229.99000549316406 230.47000122070312 230.89999389648438 231.2899932861328 231.6300048828125 232.07000732421875 232.57000732421875 232.92999267578125 233.25 233.61000061035156 233.97000122070312 234.2899932861328 234.5500030517578 234.77000427246094 234.9600067138672 235.11000061035156 235.22000122070312 235.24000549316406 235.2100067138672 235.1699981689453 235.1199951171875 235.02999877929688 234.89999389648438 234.75999450683594 234.63999938964844 234.52000427246094
228.55999755859375 228.5 228.47999572753906 228.47000122070312 228.39999389648438 228.35000610351562 228.3300018310547 228.3000030517578 228.2899932861328 228.30999755859375 228.25 228.2899932861328 228.27000427246094 228.25999450683594 228.2899932861328 228.36000061035156 228.41000366210938 228.4499969482422 228.55999755859375 228.6699981689453 228.89999389648438 229.44000244140625 230.13999938964844 230.8000030517578 231.1999969482422 231.33999633789062 231.8800048828125 232.39999389648438 232.8000030517578 233.08999633789062 233.4600067138672 233.85000610351562 234.17999267578125 234.4600067138672 234.67999267578125 234.91000366210938 235.10000610351562 235.2100067138672 235.22999572753906 235.1699981689453 235.11000061035156 235.0399932861328 234.94000244140625 234.77999877929688 234.6300048828125 234.52999877929688 234.41000366210938
228.02999877929688 227.97000122070312 227.9600067138672 227.92999267578125 227.8800048828125 227.86000061035156 227.86000061035156 227.82000732421875 227.7899932861328 227.77000427246094 227.72999572753906 227.72999572753906 227.72999572753906 227.72000122070312 227.75999450683594 227.85000610351562 227.80999755859375 227.8300018310547 227.97999572753906 228.39999389648438 228.60000610351562 229.1999969482422 229.60000610351562 230.0 230.60000610351562 231.1999969482422 231.8000030517578 232.39999389648438 232.8000030517578 232.89999389648438 233.2899932861328 233.77000427246094 234.16000366210938 234.39999389648438 234.6300048828125 234.9499969482422 235.16000366210938 235.30999755859375 235.32000732421875 235.19000244140625 235.0500030517578 235.0 234.92999267578125 234.66000366210938 234.47999572753906 234.42999267578125 234.3699951171875
227.49000549316406 227.4499969482422 227.42999267578125 227.39999389648438 227.3699951171875 227.3699951171875 227.32000732421875 227.27000427246094 227.25999450683594 227.22000122070312 227.19000244140625 227.1699981689453 227.1699981689453 227.17999267578125 227.25 227.44000244140625 227.60000610351562 227.60000610351562 227.39999389648438 227.39999389648438 227.8000030517578 228.39999389648438 228.8000030517578 229.39999389648438 230.0 230.8000030517578 231.39999389648438 232.0 232.39999389648438 232.8000030517578 233.1999969482422 233.8000030517578 234.1999969482422 234.39999389648438 234.60000610351562 235.0 235.1999969482422 235.39999389648438 235.39999389648438 235.1999969482422 235.0 235.0 235.0 234.60000610351562 234.39999389648438 234.39999389648438 234.39999389648438
226.97000122070312 226.92999267578125 226.91000366210938 226.89999389648438 226.85000610351562 226.8300018310547 226.8000030517578 226.75 226.72000122070312 226.67999267578125 226.66000366210938 226.6199951171875 226.61000061035156 226.6199951171875 226.66000366210938 226.75 226.8000030517578 226.39999389648438 226.39999389648438 226.60000610351562 227.0 227.39999389648438 228.1999969482422 229.0 229.60000610351562 230.39999389648438 231.0 231.39999389648438 232.0 232.60000610351562 233.39999389648438 233.8000030517578 234.1999969482422 234.60000610351562 235.0 235.1999969482422 235.39999389648438 235.39999389648438 235.39999389648438 235.39999389648438 235.1999969482422 235.1999969482422 234.8000030517578 234.60000610351562 234.39999389648438 234.39999389648438 234.39999389648438
226.47999572753906 226.44000244140625 226.42999267578125 226.38999938964844 226.36000061035156 226.32000732421875 226.27999877929688 226.24000549316406 226.19000244140625 226.14999389648438 226.1199951171875 226.0800018310547 226.05999755859375 226.0399932861328 226.02000427246094 226.0 226.0 225.8000030517578 225.60000610351562 225.8000030517578 226.1999969482422 226.8000030517578 227.39999389648438 228.1999969482422 229.0 229.8000030517578 230.39999389648438 231.0 231.60000610351562 232.60000610351562 233.1999969482422 233.60000610351562 234.1999969482422 234.8000030517578 235.1999969482422 235.39999389648438 235.39999389648438 235.39999389648438 235.39999389648438 235.39999389648438 235.39999389648438 235.1999969482422 234.8000030517578 234.60000610351562 234.39999389648438 234.39999389648438 234.1999969482422
226.0 225.9600067138672 225.92999267578125 225.88999938964844 225.85000610351562 225.8000030517578 225.75999450683594 225.7100067138672 225.6699981689453 225.6300048828125 225.61000061035156 225.57000732421875 225.52999877929688 225.47999572753906 225.41000366210938 225.27999877929688 225.1999969482422 225.1999969482422 225.1999969482422 225.1999969482422 225.39999389648438 226.0 226.60000610351562 227.39999389648438 228.1999969482422 229.1999969482422 230.0 230.8000030517578 231.60000610351562 232.1999969482422 232.8000030517578 233.1999969482422 234.0 234.8000030517578 235.1999969482422 235.39999389648438 235.39999389648438 235.39999389648438 235.39999389648438 235.39999389648438 235.39999389648438 235.1999969482422 234.8000030517578 234.60000610351562 234.39999389648438 234.1999969482422 234.0
225.50999450683594 225.47999572753906 225.44000244140625 225.39999389648438 225.36000061035156 225.3300018310547 225.27999877929688 225.24000549316406 225.1999969482422 225.16000366210938 225.1300048828125 225.08999633789062 225.0399932861328 224.97000122070312 224.8699951171875 224.6999969482422 224.60000610351562 224.8000030517578 224.8000030517578 224.60000610351562 224.8000030517578 225.39999389648438 226.0 226.8000030517578 227.60000610351562 228.60000610351562 229.60000610351562 230.39999389648438 231.1999969482422 231.8000030517578 232.39999389648438 233.0 233.60000610351562 234.39999389648438 235.0 235.1999969482422 235.39999389648438 235.39999389648438 235.39999389648438 235.39999389648438 235.1999969482422 235.0 234.8000030517578 234.39999389648438 234.1999969482422 234.0 233.8000030517578
225.07000732421875 225.02999877929688 225.0 224.9600067138672 224.9199981689453 224.8800048828125 224.83999633789062 224.8000030517578 224.75999450683594 224.72000122070312 224.69000244140625 224.63999938964844 224.58999633789062 224.50999450683594 224.39999389648438 224.25999450683594 224.1999969482422 224.1999969482422 224.1999969482422 224.1999969482422 224.39999389648438 224.8000030517578 225.60000610351562 226.60000610351562 227.60000610351562 228.1999969482422 229.0 229.8000030517578 230.60000610351562 231.1999969482422 232.0 232.8000030517578 233.39999389648438 234.0 234.60000610351562 235.0 235.1999969482422 235.1999969482422 235.1999969482422 235.1999969482422 235.0 234.8000030517578 234.39999389648438 234.1999969482422 234.0 233.60000610351562 233.39999389648438
224.63999938964844 224.60000610351562 224.55999755859375 224.52999877929688 224.5 224.4600067138672 224.4199981689453 224.38999938964844 224.33999633789062 224.3000030517578 224.25 224.2100067138672 224.16000366210938 224.0800018310547 223.97000122070312 223.83999633789062 223.8000030517578 223.8000030517578 223.8000030517578 223.8000030517578 224.0 224.39999389648438 225.1999969482422 226.39999389648438 227.1999969482422 228.0 228.60000610351562 229.39999389648438 230.1999969482422 231.0 231.60000610351562 232.39999389648438 233.0 233.60000610351562 234.0 234.60000610351562 234.8000030517578 234.8000030517578 234.8000030517578 234.8000030517578 234.60000610351562 234.39999389648438 234.0 234.0 233.8000030517578 233.39999389648438 233.1999969482422
224.22999572753906 224.19000244140625 224.14999389648438 224.1199951171875 224.07000732421875 224.02999877929688 223.97999572753906 223.94000244140625 223.8800048828125 223.8300018310547 223.8000030517578 223.77999877929688 223.72999572753906 223.67999267578125 223.61000061035156 223.49000549316406 223.39999389648438 223.60000610351562 223.39999389648438 223.39999389648438 223.60000610351562 224.1999969482422 224.8000030517578 225.8000030517578 226.8000030517578 227.60000610351562 228.60000610351562 229.1999969482422 230.0 230.8000030517578 231.39999389648438 232.0 232.60000610351562 233.0 233.60000610351562 234.0 234.39999389648438 234.1999969482422 234.1999969482422 234.39999389648438 234.1999969482422 233.8000030517578 233.60000610351562 233.60000610351562 233.39999389648438 233.1999969482422 233.0
223.83999633789062 223.8000030517578 223.74000549316406 223.6699981689453 223.61000061035156 223.57000732421875 223.52000427246094 223.4600067138672 223.44000244140625 223.44000244140625 223.42999267578125 223.38999938964844 223.38999938964844 223.33999633789062 223.27999877929688 223.2100067138672 223.1999969482422 223.1999969482422 223.1999969482422 223.1999969482422 223.39999389648438 224.0 224.60000610351562 225.39999389648438 226.39999389648438 227.39999389648438 228.1999969482422 228.8000030517578 229.60000610351562 230.39999389648438 231.0 231.60000610351562 232.0 232.39999389648438 233.0 233.60000610351562 233.8000030517578 233.8000030517578 233.8000030517578 233.8000030517578 233.60000610351562 233.1999969482422 233.1999969482422 233.1999969482422 233.1999969482422 233.0 232.8000030517578
223.52000427246094 223.4199981689453 223.3000030517578 223.24000549316406 223.1999969482422 223.13999938964844 223.07000732421875 223.07000732421875 223.0800018310547 223.0500030517578 223.00999450683594 223.0399932861328 222.99000549316406 222.97000122070312 222.97000122070312 222.97999572753906 223.0 223.1999969482422 223.0 223.0 223.1999969482422 223.8000030517578 224.39999389648438 225.1999969482422 226.0 226.8000030517578 227.60000610351562 228.39999389648438 229.0 230.0 230.60000610351562 231.0 231.39999389648438 232.0 232.60000610351562 233.1999969482422 233.39999389648438 233.1999969482422 233.1999969482422 233.39999389648438 233.1999969482422 232.8000030517578 232.60000610351562 232.60000610351562 232.60000610351562 232.60000610351562 232.60000610351562
