Area of interest.asc
NCOLS 378
NROWS 317
XLLCORNER 23.558324763067574
YLLCORNER 37.63484457743385
CELLSIZE 0.0010416666699999974
NODATA_VALUE -32767.0
[rows 21 to 41 of 317, columns 47 to 93 of 378]
16.139999389648438 14.430000305175781 13.65999984741211 12.470000267028809 12.420000076293945 11.550000190734863 11.399999618530273 4.119999885559082 -4.690000057220459 -14.25 -17.440000534057617 -15.5 -11.859999656677246 -11.5 -8.930000305175781 -7.75 -4.670000076293945 -2.25 -3.869999885559082 -5.0 -8.5600004196167 -13.75 -7.230000019073486 -6.75 -10.630000114440918 -3.75 -6.619999885559082 -8.109999656677246 -7.739999771118164 -7.019999980926514 -6.190000057220459 -4.420000076293945 -4.260000228881836 -5.230000019073486 -11.109999656677246 -11.880000114440918 -18.690000534057617 -23.25 -20.549999237060547 -22.0 -25.690000534057617 -26.0 -25.799999237060547 -31.75 -39.0 -45.0 -42.43000030517578
19.770000457763672 19.200000762939453 18.18000030517578 16.350000381469727 15.350000381469727 14.699999809265137 11.770000457763672 11.399999618530273 4.159999847412109 0.0 -3.5 -11.5 -6.0 -7.0 -4.25 -2.0 -0.5 -2.0 0.5 -2.0 -6.320000171661377 -10.180000305175781 -7.760000228881836 -7.5 -9.5 -1.0 -4.800000190734863 -7.039999961853027 -7.869999885559082 -8.1899995803833 -6.960000038146973 -5.769999980926514 -4.75 -4.0 -12.75 -20.5 -26.0 -29.0 -26.25 -24.0 -24.75 -22.0 -27.5 -31.0 -35.25 -49.0 -62.75
24.479999542236328 23.09000015258789 22.219999313354492 20.610000610351562 19.899999618530273 17.68000030517578 14.069999694824219 11.600000381469727 10.199999809265137 5.449999809265137 0.0 0.0 0.0 0.0 0.0 0.0 -0.8299999833106995 -1.0499999523162842 -0.7099999785423279 -2.559999942779541 -4.739999771118164 -5.570000171661377 -6.269999980926514 -8.220000267028809 -7.369999885559082 -3.259999990463257 -4.389999866485596 -6.929999828338623 -8.479999542236328 -9.1899995803833 -9.899999618530273 -9.140000343322754 -8.930000305175781 -13.5 -20.690000534057617 -20.1200008392334 -19.0 -27.25 -26.190000534057617 -22.1200008392334 -20.299999237060547 -19.5 -24.6200008392334 -34.380001068115234 -46.0 -62.25 -76.93000030517578
29.719999313354492 28.549999237060547 26.940000534057617 25.149999618530273 23.950000762939453 22.309999465942383 19.420000076293945 16.040000915527344 11.600000381469727 10.600000381469727 8.350000381469727 12.289999961853027 11.949999809265137 3.890000104904175 0.0 -0.019999999552965164 -0.4699999988079071 -1.309999942779541 -1.1200000047683716 0.3400000035762787 -0.8600000143051147 -3.0999999046325684 -7.179999828338623 -10.069999694824219 -7.400000095367432 -4.75 -5.760000228881836 -8.960000038146973 -10.039999961853027 -11.220000267028809 -12.609999656677246 -12.569999694824219 -12.630000114440918 -22.0 -22.1200008392334 -21.25 -18.1200008392334 -24.5 -22.3700008392334 -16.75 -13.359999656677246 -16.5 -25.6200008392334 -35.0 -50.75 -68.0 -80.0
34.90999984741211 33.11000061035156 31.90999984741211 30.649999618530273 28.950000762939453 27.15999984741211 25.350000381469727 24.399999618530273 11.199999809265137 11.0 11.399999618530273 22.200000762939453 31.399999618530273 15.84000015258789 0.0 0.27000001072883606 -0.2800000011920929 -0.5400000214576721 0.3400000035762787 -0.7200000286102295 0.36000001430511475 -1.25 -7.050000190734863 -12.5 -8.5600004196167 -4.5 -4.369999885559082 -9.75 -10.430000305175781 -11.399999618530273 -15.680000305175781 -13.0 -20.81999969482422 -24.5 -27.1200008392334 -26.5 -23.6200008392334 -19.5 -15.359999656677246 -10.609999656677246 -3.619999885559082 -3.75 -20.06999969482422 -34.880001068115234 -48.18000030517578 -61.0 -69.93000030517578
40.22999954223633 38.18000030517578 36.5099983215332 35.459999084472656 34.02000045776367 32.59000015258789 31.1299991607666 30.799999237060547 30.799999237060547 36.400001525878906 35.79999923706055 35.20000076293945 33.400001525878906 21.25 3.049999952316284 1.1200000047683716 -1.409999966621399 -1.1299999952316284 0.5 -0.5 -5.25 -12.0 -21.5 -26.5 -18.75 -19.0 -15.0 -9.0 -5.25 -7.0 -15.25 -16.5 -23.75 -24.0 -27.0 -25.0 -18.5 -7.0 -4.0 -7.909999847412109 -4.860000133514404 -3.0 -17.25 -30.5 -40.0 -45.0 -48.25
43.849998474121094 42.459999084472656 41.5 39.88999938964844 39.0099983215332 37.7599983215332 37.970001220703125 38.630001068115234 42.20000076293945 40.79999923706055 40.20000076293945 37.20000076293945 35.599998474121094 15.279999732971191 4.0 0.05999999865889549 -2.1500000953674316 -3.0 -2.680000066757202 -4.869999885559082 -14.180000305175781 -22.5 -25.1200008392334 -29.5 -31.6200008392334 -31.75 -30.440000534057617 -25.1200008392334 -22.6200008392334 -19.25 -16.31999969482422 -20.8700008392334 -24.5 -27.75 -26.5 -23.8700008392334 -16.940000534057617 -14.75 -11.430000305175781 -12.130000114440918 -7.820000171661377 -1.25 -16.690000534057617 -25.0 -21.8700008392334 -24.75 -19.3700008392334
45.790000915527344 45.900001525878906 45.41999816894531 43.9900016784668 43.0 42.47999954223633 43.70000076293945 43.79999923706055 45.79999923706055 44.79999923706055 46.599998474121094 37.79999923706055 31.799999237060547 0.0 0.0 -0.9200000166893005 -0.9700000286102295 -3.0 -5.0 -10.25 -19.25 -25.0 -28.1200008392334 -32.5 -35.380001068115234 -37.0 -36.11000061035156 -35.25 -33.25 -23.0 -21.1200008392334 -27.5 -28.6200008392334 -33.0 -30.5 -29.75 -28.25 -24.5 -22.0 -19.5 -15.399999618530273 -14.0 -20.5 -16.0 -8.5 -7.5 -4.619999885559082
47.93000030517578 47.77000045776367 47.36000061035156 47.18000030517578 46.560001373291016 47.06999969482422 48.790000915527344 49.599998474121094 49.599998474121094 48.20000076293945 48.599998474121094 37.599998474121094 29.200000762939453 13.260000228881836 0.0 0.699999988079071 -0.3799999952316284 -5.25 -8.8100004196167 -14.130000114440918 -16.440000534057617 -17.75 -24.940000534057617 -34.0 -40.060001373291016 -42.25 -43.310001373291016 -43.130001068115234 -40.11000061035156 -31.25 -31.0 -33.75 -34.810001373291016 -33.75 -32.060001373291016 -29.25 -25.299999237060547 -23.0 -25.049999237060547 -17.75 -13.399999618530273 -12.5 -11.75 -2.869999885559082 -5.610000133514404 -5.71999979019165 -3.5
50.56999969482422 50.439998626708984 50.22999954223633 50.38999938964844 50.20000076293945 51.13999938964844 52.5099983215332 53.599998474121094 51.79999923706055 52.0 45.20000076293945 37.20000076293945 28.200000762939453 19.0 0.0 0.0 0.0 0.0 -2.75 -2.5 -3.75 -10.0 -23.25 -32.0 -39.25 -47.0 -48.75 -49.0 -47.0 -44.0 -44.25 -49.5 -47.25 -42.0 -31.5 -27.5 -20.5 -19.0 -13.25 -8.0 -11.0 -10.0 0.0 -1.5800000429153442 -2.509999990463257 -2.3299999237060547 -1.0099999904632568
52.91999816894531 52.90999984741211 52.72999954223633 53.41999816894531 53.58000183105469 54.439998626708984 54.779998779296875 55.0 53.79999923706055 54.400001525878906 46.79999923706055 37.0 29.0 19.600000381469727 14.5600004196167 7.559999942779541 5.570000171661377 5.190000057220459 0.25999999046325684 -1.25 -11.130000114440918 -22.0 -31.940000534057617 -37.880001068115234 -44.18000030517578 -47.75 -51.43000030517578 -50.0 -50.25 -51.5 -58.61000061035156 -56.61000061035156 -45.810001373291016 -37.0 -31.440000534057617 -29.5 -19.8700008392334 -11.0 -4.550000190734863 -6.480000019073486 -5.710000038146973 0.0 0.0 -0.5099999904632568 -1.0399999618530273 -0.27000001072883606 0.5899999737739563
54.9900016784668 55.099998474121094 55.310001373291016 55.619998931884766 56.43000030517578 57.470001220703125 57.060001373291016 57.0 55.79999923706055 57.20000076293945 50.79999923706055 42.970001220703125 37.79999923706055 33.79999923706055 27.200000762939453 21.920000076293945 14.479999542236328 12.199999809265137 4.650000095367432 -5.0 -18.6200008392334 -27.5 -33.11000061035156 -36.0 -44.130001068115234 -50.0 -53.75 -51.75 -51.61000061035156 -54.0 -59.0 -57.25 -49.86000061035156 -42.0 -36.380001068115234 -34.0 -26.3700008392334 -18.5 -9.880000114440918 -5.840000152587891 -4.570000171661377 -5.5 -2.059999942779541 0.0 0.8999999761581421 1.4900000095367432 2.259999990463257
57.099998474121094 57.22999954223633 57.689998626708984 58.25 58.97999954223633 59.7400016784668 58.75 58.79999923706055 58.400001525878906 60.0 53.79999923706055 49.40999984741211 39.09000015258789 36.0 31.0 27.110000610351562 20.1200008392334 12.359999656677246 10.199999809265137 -3.5 -16.190000534057617 -24.0 -23.799999237060547 -30.75 -43.880001068115234 -51.5 -54.18000030517578 -55.0 -55.630001068115234 -54.25 -57.5 -57.880001068115234 -55.810001373291016 -49.25 -43.93000030517578 -35.5 -23.670000076293945 -10.25 -5.25 -1.5 -2.430000066757202 -3.0799999237060547 -0.38999998569488525 1.4299999475479126 2.440000057220459 3.259999990463257 4.21999979019165
59.099998474121094 59.41999816894531 59.9900016784668 60.630001068115234 61.459999084472656 61.79999923706055 59.599998474121094 61.0 60.79999923706055 62.400001525878906 56.599998474121094 52.47999954223633 42.79999923706055 38.20000076293945 32.599998474121094 31.09000015258789 23.010000228881836 14.75 10.600000381469727 2.6600000858306885 -7.75 -16.0 -15.0 -29.0 -40.75 -48.0 -49.75 -49.5 -49.25 -45.0 -43.25 -51.0 -51.25 -45.0 -43.4900016784668 -33.0 -19.479999542236328 0.0 -2.1700000762939453 -1.0299999713897705 -0.9599999785423279 0.2800000011920929 1.8600000143051147 3.190000057220459 4.170000076293945 5.110000133514404 5.809999942779541
61.06999969482422 61.5099983215332 61.97999954223633 62.619998931884766 63.86000061035156 64.80000305175781 64.4000015258789 63.0 63.0 65.0 59.400001525878906 56.08000183105469 47.36000061035156 40.689998626708984 38.400001525878906 34.560001373291016 26.510000228881836 19.530000686645508 13.329999923706055 12.0 0.0 -3.75 -6.0 -19.8700008392334 -32.43000030517578 -37.25 -39.810001373291016 -39.5 -32.25 -23.25 -23.3700008392334 -35.11000061035156 -34.86000061035156 -28.75 -25.8700008392334 -17.6200008392334 -3.930000066757202 -1.850000023841858 0.15000000596046448 1.5199999809265137 2.119999885559082 3.0999999046325684 4.139999866485596 5.230000019073486 6.110000133514404 6.929999828338623 7.570000171661377
62.970001220703125 63.33000183105469 63.63999938964844 64.20999908447266 64.80000305175781 64.80000305175781 66.5999984741211 65.80000305175781 66.4000015258789 67.80000305175781 62.20000076293945 59.529998779296875 51.810001373291016 45.369998931884766 40.56999969482422 36.08000183105469 30.3700008392334 24.09000015258789 19.329999923706055 13.220000267028809 4.159999847412109 -0.30000001192092896 -1.75 -8.5 -14.5 -17.0 -22.5 -21.75 -12.359999656677246 -4.5 -6.369999885559082 -12.0 -10.5 -8.0 -6.0 -9.529999732971191 -3.1700000762939453 0.28999999165534973 2.200000047683716 4.039999961853027 4.820000171661377 5.369999885559082 6.630000114440918 7.369999885559082 8.460000038146973 8.920000076293945 9.539999961853027
64.56999969482422 64.97000122070312 65.37999725341797 65.91000366210938 66.22000122070312 66.19999694824219 68.80000305175781 68.19999694824219 70.0 71.4000015258789 65.5999984741211 63.15999984741211 56.0 49.90999984741211 44.4900016784668 40.369998931884766 35.06999969482422 29.799999237060547 24.209999084472656 18.010000228881836 11.8100004196167 6.880000114440918 1.6200000047683716 -2.5199999809265137 -1.4299999475479126 -2.0 -3.309999942779541 -3.25 -0.75 -2.690000057220459 -5.199999809265137 -8.069999694824219 -7.71999979019165 -6.150000095367432 -4.019999980926514 -1.7699999809265137 0.8100000023841858 3.130000114440918 5.510000228881836 6.489999771118164 7.639999866485596 8.460000038146973 9.149999618530273 9.770000457763672 10.260000228881836 11.09000015258789 11.619999885559082
66.19999694824219 66.52999877929688 66.91000366210938 67.30000305175781 68.18000030517578 68.80000305175781 70.4000015258789 70.19999694824219 71.80000305175781 73.0 69.19999694824219 66.01000213623047 59.0 53.34000015258789 48.43000030517578 43.93000030517578 38.619998931884766 33.529998779296875 29.459999084472656 23.610000610351562 18.6200008392334 13.760000228881836 9.329999923706055 5.380000114440918 2.3299999237060547 0.8100000023841858 -0.3100000023841858 0.09000000357627869 1.399999976158142 2.0 0.2800000011920929 -0.4300000071525574 0.07000000029802322 1.0299999713897705 2.0299999713897705 3.509999990463257 5.090000152587891 6.949999809265137 8.289999961853027 9.390000343322754 9.90999984741211 10.859999656677246 11.3100004196167 11.949999809265137 12.5600004196167 13.0 13.920000076293945
67.63999938964844 67.94000244140625 68.19999694824219 68.63999938964844 69.23999786376953 69.5999984741211 71.5999984741211 71.19999694824219 73.19999694824219 68.80000305175781 68.5999984741211 66.02999877929688 61.4900016784668 56.52000045776367 51.7400016784668 46.939998626708984 42.54999923706055 37.88999938964844 33.54999923706055 29.030000686645508 24.049999237060547 19.979999542236328 16.420000076293945 13.0 10.720000267028809 8.800000190734863 7.570000171661377 7.510000228881836 7.539999961853027 7.289999961853027 6.659999847412109 6.159999847412109 6.010000228881836 6.199999809265137 7.349999904632568 8.130000114440918 9.029999732971191 10.449999809265137 11.300000190734863 12.140000343322754 12.649999618530273 12.949999809265137 13.579999923706055 14.220000267028809 15.199999809265137 16.190000534057617 16.770000457763672
68.98999786376953 69.2300033569336 69.56999969482422 69.87999725341797 69.86000061035156 69.19999694824219 72.19999694824219 72.19999694824219 74.80000305175781 71.41999816894531 69.5 66.25 64.0 59.63999938964844 55.040000915527344 50.099998474121094 45.81999969482422 41.75 37.09000015258789 33.220001220703125 29.290000915527344 26.09000015258789 22.809999465942383 19.850000381469727 17.190000534057617 15.720000267028809 14.199999809265137 13.380000114440918 12.960000038146973 12.609999656677246 12.09000015258789 11.479999542236328 10.989999771118164 11.4399995803833 11.600000381469727 12.109999656677246 12.9399995803833 13.59000015258789 14.15999984741211 14.850000381469727 15.119999885559082 15.489999771118164 16.1200008392334 16.93000030517578 18.020000457763672 18.049999237060547 17.739999771118164
70.43000030517578 70.66999816894531 70.9800033569336 71.48999786376953 72.36000061035156 73.19999694824219 73.19999694824219 73.0 75.5999984741211 72.38999938964844 70.11000061035156 67.66000366210938 65.4800033569336 61.93000030517578 57.650001525878906 53.279998779296875 49.04999923706055 45.119998931884766 41.060001373291016 37.66999816894531 34.66999816894531 31.100000381469727 28.31999969482422 25.270000457763672 23.149999618530273 21.329999923706055 19.979999542236328 18.889999389648438 17.850000381469727 17.209999084472656 16.639999389648438 16.139999389648438 15.800000190734863 15.5 15.779999732971191 15.869999885559082 16.3700008392334 16.860000610351562 17.139999389648438 17.350000381469727 18.280000686645508 18.670000076293945 18.540000915527344 17.670000076293945 19.260000228881836 19.420000076293945 19.770000457763672
